-167
7617
10729
15601
19960
21435
21022
15601
10008
8248
-1334
-6623
-14028
-16291
-17955
-21486
-20207
-20497
-12251
-8341
-2169
8556
14253
16203
19482
23001
18340
18157
12947
6790
1400
-5919
-8364
-15062
-20272
-18566
-17859
-16001
-10992
-4294
1053
5985
11724
18211
18097
20035
19334
14972
10795
8400
2437
-4344
-14409
-16371
-19944
-18224
-20660
-15795
-11791
-5441
-5045
7032
12668
18801
17329
21389
16857
17695
9689
5052
-1022
-6030
-11087
-16169
-18297
-20297
-15496
-20988
-9629
-4455
2377
4770
10579
15308
17115
20501
20065
19592
12979
4580
-1354
-6945
-12243
-17476
-20174
-22386
-21262
-18309
-15595
-8030
